   1.0000000474974517E-003   3.1692617279605387E-004
   1.0092529339656878E-003   3.1986713161683857E-004
   1.0185914363378509E-003   3.2285051545183206E-004
   1.0280163468081433E-003   3.2581625395599175E-004
   1.0375284649008492E-003   3.2870988201554567E-004
   1.0471285975381579E-003   3.3158439586313573E-004
   1.0568175591086206E-003   3.3454817661382572E-004
   1.0665961715362316E-003   3.3765346464943155E-004
   1.0764652643501546E-003   3.4084078936800550E-004
   1.0864256747550919E-003   3.4404387799397916E-004
   1.0964782477023056E-003   3.4725265285226079E-004
   1.1066238359612958E-003   3.5048657654189328E-004
   1.1168633001921418E-003   3.5375775720914218E-004
   1.1271975090185104E-003   3.5706306022785576E-004
   1.1376273391013466E-003   3.6039797825910717E-004
   1.1481536752132385E-003   3.6376202829443554E-004
   1.1587774103134739E-003   3.6715687227920887E-004
   1.1694994456237914E-003   3.7058365296514746E-004
   1.1803206907048315E-003   3.7404241907498245E-004
   1.1912420635332970E-003   3.7753311842469051E-004
   1.2022644905798205E-003   3.8105599055944018E-004
   1.2133889068875654E-003   3.8461143269568628E-004
   1.2246162561515425E-003   3.8819980724536191E-004
   1.2359474907986639E-003   3.9182140183503100E-004
   1.2473835720685402E-003   3.9547649753631181E-004
   1.2589254700950221E-003   3.9916540027768832E-004
   1.2705741639884999E-003   4.0288842962723972E-004
   1.2823306419189563E-003   4.0664590473812591E-004
   1.2941959011998029E-003   4.1043814359236982E-004
   1.3061709483724766E-003   4.1426546465615283E-004
   1.3182567992918279E-003   4.1812819233869340E-004
   1.3304544792122964E-003   4.2202665437327989E-004
   1.3427650228748842E-003   4.2596118059236304E-004
   1.3551894745949338E-003   4.2993210517872592E-004
   1.3677288883507202E-003   4.3393976336863745E-004
   1.3803843278728546E-003   4.3798449517598137E-004
   1.3931568667345311E-003   4.4206664332811768E-004
   1.4060475884425925E-003   4.4618655290992498E-004
   1.4190575865294468E-003   4.5034457398611838E-004
   1.4321879646458330E-003   4.5454105776692984E-004
   1.4454398366544445E-003   4.5877636035181592E-004
   1.4588143267244193E-003   4.6305084065236766E-004
   1.4723125694267056E-003   4.6736486004122715E-004
   1.4859357098303031E-003   4.7171878515416357E-004
   1.4996849035994087E-003   4.7611298383591448E-004
   1.5135613170914469E-003   4.8054782902641382E-004
   1.5275661274560147E-003   4.8502369663856038E-004
   1.5417005227347403E-003   4.8954096513871711E-004
   1.5559657019620649E-003   4.9410001852621358E-004
   1.5703628752669614E-003   4.9870124207157529E-004
   1.5848932639755825E-003   5.0334502636252359E-004
   1.5995581007148779E-003   5.0803176512924418E-004
   1.6143586295171524E-003   5.1276185475103810E-004
   1.6292961059255992E-003   5.1753569741829321E-004
   1.6443717971008106E-003   5.2235369665574040E-004
   1.6595869819282709E-003   5.2721626153675661E-004
   1.6749429511268476E-003   5.3212380445710305E-004
   1.6904410073582780E-003   5.3707674055784881E-004
   1.7060824653376851E-003   5.4207549108008289E-004
   1.7218686519450989E-003   5.4712047866680672E-004
   1.7378009063380197E-003   5.5221213174592662E-004
   1.7538805800650192E-003   5.5735088225576602E-004
   1.7701090371803941E-003   5.6253716497960658E-004
   1.7864876543598818E-003   5.6777142110245099E-004
   1.8030178210174379E-003   5.7305409328147600E-004
   1.8197009394231127E-003   5.7838563020275527E-004
   1.8365384248219992E-003   5.8376648426009827E-004
   1.8535317055542923E-003   5.8919711079288145E-004
   1.8706822231764559E-003   5.9467797185668275E-004
   1.8879914325835112E-003   6.0020953105300169E-004
   1.9054608021324580E-003   6.0579225826494227E-004
   1.9230918137668369E-003   6.1142662729074516E-004
   1.9408859631424385E-003   6.1711311497812346E-004
   1.9588447597541909E-003   6.2285220521652760E-004
   1.9769697270642056E-003   6.2864438351993394E-004
   1.9952624026310143E-003   6.3449014194517277E-004
   2.0137243382400039E-003   6.4038997668132067E-004
   2.0323571000350530E-003   6.4634438707434575E-004
   2.0511622686513928E-003   6.5235387985340383E-004
   2.0701414393496931E-003   6.5841896345275326E-004
   2.0892962221513828E-003   6.6454015312164127E-004
   2.1086282419752419E-003   6.7071796846975592E-004
   2.1281391387752368E-003   6.7695293237501615E-004
   2.1478305676796406E-003   6.8324557545456016E-004
   2.1677041991314400E-003   6.8959643011765276E-004
   2.1877617190300402E-003   6.9600603586771211E-004
   2.2080048288742838E-003   7.0247493680770554E-004
   2.2284352459067810E-003   7.0900368042721364E-004
   2.2490547032596002E-003   7.1559282233962806E-004
   2.2698649501012792E-003   7.2224292003969840E-004
   2.2908677517852146E-003   7.2895453837578663E-004
   2.3120648899994161E-003   7.3572824702936772E-004
   2.3334581629176490E-003   7.4256461924225559E-004
   2.3550493853519783E-003   7.4946423690900406E-004
   2.3768403889067118E-003   7.5642768388612845E-004
   2.3988330221337891E-003   7.6345555123614594E-004
   2.4210291506895883E-003   7.7054843482079506E-004
   2.4434306574931943E-003   7.7770693493902743E-004
   2.4660394428861259E-003   7.8493166288090056E-004
   2.4888574247935468E-003   7.9222323178835901E-004
   2.5118865388869655E-003   7.9958225601469758E-004
   2.5351287387484316E-003   8.0700935077527224E-004
   2.5585859960362725E-003   8.1450514619674816E-004
   2.5822603006523453E-003   8.2207031072211009E-004
   2.6061536609108403E-003   8.2970551204597260E-004
   2.6302681037086509E-003   8.3741133185937487E-004
   2.6546056746973162E-003   8.4518829366614584E-004
   2.6791684384565567E-003   8.5303707827563745E-004
   2.7039584786694121E-003   8.6095878059074449E-004
   2.7289778982990077E-003   8.6895446044826536E-004
   2.7542288197669389E-003   8.7702387829231615E-004
   2.7797133851333337E-003   8.8516590245242804E-004
   2.8054337562785558E-003   8.9338151472133538E-004
   2.8313921150866020E-003   9.0167734914502770E-004
   2.8575906636301922E-003   9.1005957091193129E-004
   2.8840316243575748E-003   9.1851622066127004E-004
   2.9107172402810613E-003   9.2702270247248567E-004
   2.9376497751672920E-003   9.3557149372734433E-004
   2.9648315137292902E-003   9.4420170854992022E-004
   2.9922647618202658E-003   9.5295703242570876E-004
   3.0199518466292254E-003   9.6183889389214359E-004
   3.0478951168783908E-003   9.7081880639147803E-004
   3.0760969430224422E-003   9.7987317999336941E-004
   3.1045597174496099E-003   9.8899351972666564E-004
   3.1332858546846113E-003   9.9817483069832382E-004
   3.1622777915934941E-003   1.0074249053072003E-003
   3.1915379875903475E-003   1.0167607041956816E-003
   3.2210689248459387E-003   1.0261938191282545E-003
   3.2508731084982777E-003   1.0357204165425565E-003
   3.2809530668651320E-003   1.0453343850538284E-003
   3.3113113516585074E-003   1.0550347102155260E-003
   3.3419505382011011E-003   1.0648240830399927E-003
   3.3728732256447865E-003   1.0747047070907025E-003
   3.4040820371910910E-003   1.0846771811243434E-003
   3.4355796203137264E-003   1.0947418508218990E-003
   3.4673686469831764E-003   1.1048994359625901E-003
   3.4994518138933635E-003   1.1151509319453528E-003
   3.5318318426904157E-003   1.1254973044310848E-003
   3.5645114802035269E-003   1.1359394158492436E-003
   3.5974934986780153E-003   1.1464781130147096E-003
   3.6307806960104425E-003   1.1571142798572124E-003
   3.6643758959860029E-003   1.1678488280453282E-003
   3.6982819485180504E-003   1.1786826718190918E-003
   3.7325017298898617E-003   1.1896167307656441E-003
   3.7670381429986384E-003   1.2006519264322422E-003
   3.8018941176017453E-003   1.2117891938472443E-003
   3.8370726105652828E-003   1.2230294782681517E-003
   3.8725766061148714E-003   1.2343737299627593E-003
   3.9084091160888458E-003   1.2458229129763798E-003
   3.9445731801937330E-003   1.2573779947740837E-003
   3.9810718662621185E-003   1.2690399550686247E-003
   4.0179082705128948E-003   1.2808097829911369E-003
   4.0550855178139115E-003   1.2926884730319937E-003
   4.0926067619470718E-003   1.3046770347153857E-003
   4.1304751858758492E-003   1.3167764812740844E-003
   4.1686940020153268E-003   1.3289878385696022E-003
   4.2072664525046972E-003   1.3413121423057777E-003
   4.2461958094822958E-003   1.3537504337512514E-003
   4.2854853753631801E-003   1.3663037699780743E-003
   4.3251384831192790E-003   1.3789732119805971E-003
   4.3651584965621352E-003   1.3917598338966371E-003
   4.4055488106282429E-003   1.4046647202410887E-003
   4.4463128516670693E-003   1.4176889612980061E-003
   4.4874540777316988E-003   1.4308336639189596E-003
   4.5289759788721875E-003   1.4440999390940477E-003
   4.5708820774316263E-003   1.4574889115002367E-003
   4.6131759283449449E-003   1.4710017167604329E-003
   4.6558611194404869E-003   1.4846394964755669E-003
   4.6989412717443457E-003   1.4984034096082437E-003
   4.7424200397875732E-003   1.5122946194890887E-003
   4.7863011119161749E-003   1.5263143036966962E-003
   4.8305882106040015E-003   1.5404636513571140E-003
   4.8752850927685307E-003   1.5547438577872799E-003
   4.9203955500895687E-003   1.5691561364959265E-003
   4.9659234093309083E-003   1.5837017056014801E-003
   5.0118725326649309E-003   1.5983817980523289E-003
   5.0582468180002940E-003   1.6131976589729468E-003
   5.1050501993125247E-003   1.6281505399028291E-003
   5.1522866469777967E-003   1.6432417114371108E-003
   5.1999601681097189E-003   1.6584724490357348E-003
   5.2480748068992646E-003   1.6738440435939135E-003
   5.2966346449578490E-003   1.6893577988428528E-003
   5.3456438016635530E-003   1.7050150251609951E-003
   5.3951064345106308E-003   1.7208170528824032E-003
   5.4450267394621195E-003   1.7367652174782929E-003
   5.4954089513058442E-003   1.7528608704792167E-003
   5.5462573440136350E-003   1.7691053769490275E-003
   5.5975762311038955E-003   1.7855001088374601E-003
   5.6493699660075253E-003   1.8020464589909465E-003
   5.7016429424372210E-003   1.8187458256802337E-003
   5.7543995947602102E-003   1.8355996238849392E-003
   5.8076443983743958E-003   1.8526092828483204E-003
   5.8613818700880473E-003   1.8697762389489887E-003
   5.9156165685029377E-003   1.8871019504458901E-003
   5.9703530944010654E-003   1.9045878813247650E-003
   6.0255960911349367E-003   1.9222355129559227E-003
   6.0813502450214737E-003   1.9400463417428215E-003
   6.1376202857395586E-003   1.9580218714823610E-003
   6.1944109867312349E-003   1.9761636288792477E-003
   6.2517271656066789E-003   1.9944731466867999E-003
   6.3095736845528612E-003   2.0129519757427490E-003
   6.3679554507460124E-003   2.0316016827300718E-003
   6.4268774167679050E-003   2.0504238419924185E-003
   6.4863445810259893E-003   2.0694200518571373E-003
   6.5463619881774120E-003   2.0885919170404998E-003
   6.6069347295569410E-003   2.1079410610727479E-003
   6.6680679436089043E-003   2.1274691241824455E-003
   6.7297668163230611E-003   2.1471777545374699E-003
   6.7920365816745440E-003   2.1670686254144297E-003
   6.8548825220678617E-003   2.1871434168399370E-003
   6.9183099687850072E-003   2.2074038284128289E-003
   6.9823243024377283E-003   2.2278515773302668E-003
   7.0469309534239308E-003   2.2484883890183539E-003
   7.1121354023884215E-003   2.2693160151843008E-003
   7.1779431806877408E-003   2.2903362146684887E-003
   7.2443598708594684E-003   2.3115507666843778E-003
   7.3113911070957615E-003   2.3329614690028610E-003
   7.3790425757213158E-003   2.3545701279090361E-003
   7.4473200156757466E-003   2.3763785771345322E-003
   7.5162292190003952E-003   2.3983886579445396E-003
   7.5857760313297546E-003   2.4206022329811830E-003
   7.6559663523872515E-003   2.4430211846100105E-003
   7.7268061364858158E-003   2.4656474037833796E-003
   7.7983013930329444E-003   2.4884828092750872E-003
   7.8704581870404997E-003   2.5115293277368656E-003
   7.9432826396392073E-003   2.5347889105866118E-003
   8.0167809285979150E-003   2.5582635323845968E-003
   8.0909592888476749E-003   2.5819551732813332E-003
   8.1658240130106172E-003   2.6058658298681613E-003
   8.2413814519338140E-003   2.6299975057879625E-003
   8.3176380152279895E-003   2.6543522654402644E-003
   8.3946001718112704E-003   2.6789322306916912E-003
   8.4722744504579419E-003   2.7037394837622695E-003
   8.5506674403522977E-003   2.7287759473918526E-003
   8.6297857916476078E-003   2.7540435327021401E-003
   8.7096362160302247E-003   2.7795446983493776E-003
   8.7902254872890030E-003   2.8052824274277881E-003
   8.8715604418898777E-003   2.8312590391051046E-003
   8.9536479795558292E-003   2.8574742242011186E-003
   9.0364950638521825E-003   2.8839273775543416E-003
   9.1201087227773450E-003   2.9106251664902413E-003
   9.2044960493589973E-003   2.9375813152266927E-003
   9.2896642022557620E-003   2.9648003250357818E-003
   9.3756204063645786E-003   2.9922496592675652E-003
   9.4623719534334665E-003   3.0198900453389790E-003
   9.5499262026802027E-003   3.0477329583510960E-003
   9.6382905814165493E-003   3.0758397637191326E-003
   9.7274725856783470E-003   3.1042589044222354E-003
   9.8174797808614021E-003   3.1329794459588772E-003
   9.9083198023632336E-003   3.1619760042739986E-003
   1.0000000356230892E-002   3.1912281221914700E-003
   1.0092529219814529E-002   3.2207202498638135E-003
   1.0185914242427275E-002   3.2504565590760872E-003
   1.0280163346011048E-002   3.2805194884238170E-003
   1.0375284525808595E-002   3.3110059180460507E-003
   1.0471285851041732E-002   3.3418916045460144E-003
   1.0568175465595856E-002   3.3730300779619255E-003
   1.0665961588710820E-002   3.4043101807710789E-003
   1.0764652515678163E-002   3.4357865415910113E-003
   1.0864256618544801E-002   3.4675536228785404E-003
   1.0964782346823260E-002   3.4996493377903444E-003
   1.1066238228208436E-002   3.5320537853008949E-003
   1.1168632869301021E-002   3.5647496187406194E-003
   1.1271974956337584E-002   3.5977408570630285E-003
   1.1376273255927471E-002   3.6310368767876297E-003
   1.1481536615796454E-002   3.6646430497204109E-003
   1.1587773965537314E-002   3.6985605995594559E-003
   1.1694994317367317E-002   3.7327909336687943E-003
   1.1803206766892763E-002   3.7673370332685680E-003
   1.1912420493880568E-002   3.8022022827493328E-003
   1.2022644763036959E-002   3.8373898100647866E-003
   1.2133888924793456E-002   3.8729024740326383E-003
   1.2246162416100050E-002   3.9087431577584653E-003
   1.2359474761225758E-002   3.9449148994153754E-003
   1.2473835572566559E-002   3.9814207795615423E-003
   1.2589254551460852E-002   4.0182638907350536E-003
   1.2705741489012408E-002   4.0554473381686756E-003
   1.2823306266920973E-002   4.0929742411410508E-003
   1.2941958858320514E-002   4.1308477740627635E-003
   1.3061709328625291E-002   4.1690711281521294E-003
   1.3182567836383687E-002   4.2076475269136352E-003
   1.3304544634139982E-002   4.2465802285721705E-003
   1.3427650069304060E-002   4.2858725051847990E-003
   1.3551894585029233E-002   4.3255276787383711E-003
   1.3677288721098113E-002   4.3655490869429084E-003
   1.3803843114816706E-002   4.4059401024512069E-003
   1.3931568501916814E-002   4.4467041359696194E-003
   1.4060475717466736E-002   4.4878446125131317E-003
   1.4190575696790431E-002   4.5293650086992232E-003
   1.4321879476395146E-002   4.5712688176173565E-003
   1.4454398194907686E-002   4.6135595687338800E-003
   1.4588143094019297E-002   4.6562408316338823E-003
   1.4723125519439323E-002   4.6993161907523048E-003
   1.4859356921857636E-002   4.7427892843737458E-003
   1.4996848857916063E-002   4.7866637681804203E-003
   1.5135612991188718E-002   4.8309433356219225E-003
   1.5275661093171414E-002   4.8756317223267506E-003
   1.5417005044280299E-002   4.9207326793362675E-003
   1.5559656834859648E-002   4.9662500139133021E-003
   1.5703628566199033E-002   5.0121875517051976E-003
   1.5848932451559852E-002   5.0585491575554139E-003
   1.5995580817211450E-002   5.1053387406334279E-003
   1.6143586103476725E-002   5.1525602261115779E-003
   1.6292960865787472E-002   5.2002175978471650E-003
   1.6443717775749444E-002   5.2483148591235575E-003
   1.6595869622217343E-002   5.2968560538951548E-003
   1.6749429312379667E-002   5.3458452726884900E-003
   1.6904409872853687E-002   5.3952866226431922E-003
   1.7060824450790432E-002   5.4451842721478213E-003
   1.7218686314990062E-002   5.4955424101156671E-003
   1.7378008857027425E-002   5.5463652676489526E-003
   1.7538805592388063E-002   5.5976571247693917E-003
   1.7701090161614787E-002   5.6494222787475791E-003
   1.7864876331464788E-002   5.7016650907808896E-003
   1.8030177996077507E-002   5.7543899437492154E-003
   1.8197009178153239E-002   5.8076012642569851E-003
   1.8365384030142762E-002   5.8613035302409310E-003
   1.8535316835447849E-002   5.9155012375867906E-003
   1.8706822009632976E-002   5.9701989490717087E-003
   1.8879914101648174E-002   6.0254012504198616E-003
   1.9054607795063263E-002   6.0811127721981982E-003
   1.9230917909313475E-002   6.1373381982731479E-003
   1.9408859400956550E-002   6.1940822316844538E-003
   1.9588447364941582E-002   6.2513496480788343E-003
   1.9769697035889502E-002   6.3091452480052938E-003
   1.9952623789385462E-002   6.3674738715819388E-003
   2.0137243143283117E-002   6.4263404064858953E-003
   2.0323570759021088E-002   6.4857497676518603E-003
   2.0511622442951495E-002   6.5457069852607351E-003
   2.0701414147680831E-002   6.6062171254112232E-003
   2.0892961973423219E-002   6.6672851995264034E-003
   2.1086282169366255E-002   6.7289161514393131E-003
   2.1281391135049409E-002   6.7911150537002460E-003
   2.1478305421755228E-002   6.8538876490165041E-003
   2.1677041733913355E-002   6.9172398558095096E-003
   2.1877616930517652E-002   6.9811762134375415E-003
   2.2080048026556338E-002   7.0456995450779462E-003
   2.2284352194455331E-002   7.1108141789909436E-003
   2.2490546765535090E-002   7.1765327924670297E-003
   2.2698649231480801E-002   7.2428705217678713E-003
   2.2908677245826216E-002   7.3098338132171507E-003
   2.3120648625451202E-002   7.3774181578026964E-003
   2.3334581352093216E-002   7.4456201926865933E-003
   2.3550493573872670E-002   7.5144462547378161E-003
   2.3768403606832470E-002   7.5839058056605220E-003
   2.3988329936491758E-002   7.6540061957025883E-003
   2.4210291219414107E-002   7.7247520755794972E-003
   2.4434306284790139E-002   7.7961483230005093E-003
   2.4660394136034807E-002   7.8682019575388087E-003
   2.4888573952399524E-002   7.9409206354179428E-003
   2.5118865090599130E-002   8.0143090258673333E-003
   2.5351287086453934E-002   8.0883679314830304E-003
   2.5585859656546948E-002   8.1631010850794841E-003
   2.5822602699896502E-002   8.2385295003799073E-003
   2.6061536299644267E-002   8.3146790157874687E-003
   2.6302680724758949E-002   8.3915353971423280E-003
   2.6546056431755675E-002   8.4690318613111805E-003
   2.6791684066431405E-002   8.5471212051353457E-003
   2.7039584465616301E-002   8.6258836806582789E-003
   2.7289778658941347E-002   8.7054413021845529E-003
   2.7542287870622274E-002   8.7858387556887501E-003
   2.7797133521260092E-002   8.8670179427626349E-003
   2.8054337229658197E-002   8.9489243605902057E-003
   2.8313920814656269E-002   9.0315633196482066E-003
   2.8575906296981261E-002   9.1149606884855187E-003
   2.8840315901115389E-002   9.1991325079365232E-003
   2.9107172057181496E-002   9.2840815603766527E-003
   2.9376497402845734E-002   9.3698104675629269E-003
   2.9648314785238057E-002   9.4563262311534758E-003
   2.9922647262890290E-002   9.5436373848229311E-003
   3.0199518107692239E-002   9.6317518225367688E-003
   3.0478950806865805E-002   9.7206765621390273E-003
   3.0760969064957532E-002   9.8104186323352272E-003
   3.1045596805849424E-002   9.9009854725673283E-003
   3.1332858174788390E-002   9.9923846717935218E-003
   3.1622777540434611E-002   1.0084623835150647E-002
   3.1915379496928679E-002   1.0177710588583164E-002
   3.2210688865977999E-002   1.0271652584469444E-002
   3.2508730698962332E-002   1.0366457605211399E-002
   3.2809530279059071E-002   1.0462133484079390E-002
   3.3113113123387938E-002   1.0558688119179236E-002
   3.3419504985175687E-002   1.0656129497898207E-002
   3.3728731855940670E-002   1.0754465636231218E-002
   3.4040819967697866E-002   1.0853704663846796E-002
   3.4355795795184101E-002   1.0953854756093515E-002
   3.4673686058103857E-002   1.1054924158702531E-002
   3.4994517723396054E-002   1.1156921215644098E-002
   3.5318318007521617E-002   1.1259854300467732E-002
   3.5645114378772290E-002   1.1363731902503955E-002
   3.5974934559600734E-002   1.1468562558248949E-002
   3.6307806528972357E-002   1.1574354878333986E-002
   3.6643758524738751E-002   1.1681117578209039E-002
   3.6982819046033115E-002   1.1788859402653508E-002
   3.7325016855687843E-002   1.1897589207882140E-002
   3.7670380982674598E-002   1.2007315896668829E-002
   3.8018940724566776E-002   1.2118048466933462E-002
   3.8370725650024917E-002   1.2229796053325252E-002
   3.8725765601304925E-002   1.2342567804052585E-002
   3.9084090696789787E-002   1.2456372865079224E-002
   3.9445731333544426E-002   1.2571220390761129E-002
   3.9810718189894297E-002   1.2687119892808737E-002
   4.0179082228027969E-002   1.2804081408768488E-002
   4.0550854696623582E-002   1.2922114762996343E-002
   4.0926067133499749E-002   1.3041228142503143E-002
   4.1304751368290892E-002   1.3161429170409501E-002
   4.1686939525147432E-002   1.3282729418490109E-002
   4.2072664025460900E-002   1.3405146368489457E-002
   4.2461957590614288E-002   1.3528694192777625E-002
   4.2854853244757747E-002   1.3653362652260501E-002
   4.3251384317610185E-002   1.3779132796935822E-002
   4.3651584447286604E-002   1.3906039158084593E-002
   4.4055487583151587E-002   1.4034197417890552E-002
   4.4463127988699377E-002   1.4163701275544767E-002
   4.4874540244460422E-002   1.4294456671873497E-002
   4.5289759250934869E-002   1.4426296073999806E-002
   4.5708820231553177E-002   1.4559162060529493E-002
   4.6131758735664240E-002   1.4693166751883214E-002
   4.6558610641551007E-002   1.4828422603965448E-002
   4.6989412159474130E-002   1.4964948735381274E-002
   4.7424199834743580E-002   1.5102726468771864E-002
   4.7863010550818999E-002   1.5241749793515813E-002
   4.8305881532438456E-002   1.5382032597452810E-002
   4.8752850348776307E-002   1.5523591296442523E-002
   4.9203954916630106E-002   1.5666447714256345E-002
   4.9659233503637309E-002   1.5810625520206900E-002
   5.0118724731521437E-002   1.5956123888812009E-002
   5.0582467579368372E-002   1.6102903311435407E-002
   5.1050501386933074E-002   1.6250934614296324E-002
   5.1522865857976774E-002   1.6400282658990736E-002
   5.1999601063635097E-002   1.6551050838253263E-002
   5.2480747445817238E-002   1.6703286851636377E-002
   5.2966345820636855E-002   1.6856949088534683E-002
   5.3456437381874430E-002   1.7011995132093120E-002
   5.3951063704471808E-002   1.7168432629968880E-002
   5.4450266748058973E-002   1.7326290394195636E-002
   5.4954088860513652E-002   1.7485589863696960E-002
   5.5462572781553671E-002   1.7646340396242421E-002
   5.5975761646362490E-002   1.7808550776502084E-002
   5.6493698989248609E-002   1.7972233521505461E-002
   5.7016428747338484E-002   1.8137402751835556E-002
   5.7543995264303829E-002   1.8304072150070544E-002
   5.8076443294123210E-002   1.8472254667079281E-002
   5.8613818004878734E-002   1.8641963245886101E-002
   5.9156164982587620E-002   1.8813211248960061E-002
   5.9703530235069309E-002   1.8986012223880265E-002
   6.0255960195848272E-002   1.9160379773987764E-002
   6.0813501728093196E-002   1.9336327592907616E-002
   6.1376202128592267E-002   1.9513869409434722E-002
   6.1944109131765526E-002   1.9693019138192359E-002
   6.2517270913714035E-002   1.9873790777905607E-002
   6.3095736096306948E-002   2.0056198419081565E-002
   6.3679553751306031E-002   2.0240256305770022E-002
   6.4268773404528357E-002   2.0425978720442411E-002
   6.4863445040047846E-002   2.0613380117944922E-002
   6.5463619104435322E-002   2.0802475031714878E-002
   6.6069346511038032E-002   2.0993278090209282E-002
   6.6680678644298483E-002   2.1185804083806329E-002
   6.7297667364113703E-002   2.1380067841321699E-002
   6.7920365010234393E-002   2.1576084365943521E-002
   6.8548824406705039E-002   2.1773868740665041E-002
   6.9183098866344897E-002   2.1973436144086828E-002
   6.9823242195270752E-002   2.2174801920876876E-002
   7.0469308697461250E-002   2.2377981453640280E-002
   7.1121353179363467E-002   2.2582990302087592E-002
   7.1779430954542409E-002   2.2789844107172108E-002
   7.2443597848373120E-002   2.2998558605476529E-002
   7.3113910202776564E-002   2.3209149703148177E-002
   7.3790424880998920E-002   2.3421633343406960E-002
   7.4473199272435647E-002   2.3636025648922504E-002
   7.5162291297499684E-002   2.3852342824736004E-002
   7.5857759412534989E-002   2.4070601171060076E-002
   7.6559662614775315E-002   2.4290817160696053E-002
   7.7268060447349171E-002   2.4513007302249201E-002
   7.7983013004330859E-002   2.4737188285563004E-002
   7.8704580935838292E-002   2.4963376883567950E-002
   7.9432825453177924E-002   2.5191589963364170E-002
   8.0167808334037569E-002   2.5421844567115878E-002
   8.0909591927726912E-002   2.5654157771053190E-002
   8.1658239160466620E-002   2.5888546833771210E-002
   8.2413813540726619E-002   2.6125029097169048E-002
   8.3176379164613387E-002   2.6363621995686433E-002
   8.3946000721307479E-002   2.6604343140650178E-002
   8.4722743498550884E-002   2.6847210175165542E-002
   8.5506673388185767E-002   2.7092240925063706E-002
   8.6297856891743963E-002   2.7339453299099706E-002
   8.7096361126088470E-002   2.7588865296224101E-002
   8.7902253829106783E-002   2.7840495093320487E-002
   8.8715603365457529E-002   2.8094360896134662E-002
   8.9536478732369709E-002   2.8350481092603720E-002
   9.0364949565495678E-002   2.8608874152511923E-002
   9.1201086144818713E-002   2.8869558632670999E-002
   9.2044959400614690E-002   2.9132553267965707E-002
   9.2896640919469295E-002   2.9397876818499175E-002
   9.3756202950350614E-002   2.9665548225000039E-002
   9.4623718410738314E-002   2.9935586508145762E-002
   9.5499260892809162E-002   3.0208010771547073E-002
   9.6382904669679983E-002   3.0482840295980321E-002
   9.7274724701708143E-002   3.0760094382961435E-002
   9.8174796642850823E-002   3.1039792511836310E-002
   9.9083196847082569E-002   3.1321954239030288E-002
  0.10000000237487261        3.1606599198837904E-002
  0.10092529099972182        3.1893747200766091E-002
  0.10185914121476040        3.2183418069579743E-002
  0.10280163223940667        3.2475631803060845E-002
  0.10375284402608710        3.2770408471769853E-002
  0.10471285726701887        3.3067768219145907E-002
  0.10568175340105510        3.3367731362984127E-002
  0.10665961462059323        3.3670318229023957E-002
  0.10764652387854770        3.3975549300401364E-002
  0.10864256489538683        3.4283445122741216E-002
  0.10964782216623464        3.4594026325721318E-002
  0.11066238096803917        3.4907313745876342E-002
  0.11168632736680625        3.5223328209053828E-002
  0.11271974822490068        3.5542090552532379E-002
  0.11376273120841478        3.5863621597780698E-002
  0.11481536479460525        3.6187942500985740E-002
  0.11587773827939890        3.6515075143693454E-002
  0.11694994178496719        3.6845041241475057E-002
  0.11803206626737213        3.7177860590965832E-002
  0.11912420352428167        3.7513551956188822E-002
  0.12022644620275716        3.7852138000218992E-002
  0.12133888780711259        3.8193649432863228E-002
  0.12246162270684677        3.8538114830178126E-002
  0.12359474614464867        3.8885534218714615E-002
  0.12473835424447720        3.9235892392896404E-002
  0.12589254401971486        3.9589227206219366E-002
  0.12705741338139834        3.9945686784464654E-002
  0.12823306114652386        4.0305390938799236E-002
  0.12941958704643003        4.0668062138983267E-002
  0.13061709173525818        4.1033208037237444E-002
  0.13182567679849097        4.1401065486793329E-002
  0.13304544476157001        4.1773407224938552E-002
  0.13427649909859282        4.2151831960609100E-002
  0.13551894424109129        4.2534403046254408E-002
  0.13677288558689027        4.2917219749621247E-002
  0.13803842950904868        4.3298689494859897E-002
  0.13931568336488317        4.3682175542922669E-002
  0.14060475550507548        4.4071312373423030E-002
  0.14190575528286398        4.4466193866313418E-002
  0.14321879306331964        4.4864908959008916E-002
  0.14454398023270928        4.5266242206436914E-002
  0.14588142920794403        4.5670526997176851E-002
  0.14723125344611593        4.6078260101618050E-002
  0.14859356745412244        4.6489559416802217E-002
  0.14996848679838043        4.6904325091801272E-002
  0.15135612811462953        4.7322499558281383E-002
  0.15275660911782685        4.7744123488440031E-002
  0.15417004861213199        4.8169248123678662E-002
  0.15559656650098649        4.8597901347794653E-002
  0.15703628379728451        4.9030097375802592E-002
  0.15848932263363882        4.9465853190295603E-002
  0.15995580627274125        4.9905192471016178E-002
  0.16143585911781930        5.0348139503835765E-002
  0.16292960672318957        5.0794716915017975E-002
  0.16443717580490785        5.1244946274434884E-002
  0.16595869425151977        5.1698849253540818E-002
  0.16749429113490880        5.2156448005930237E-002
  0.16904409672124593        5.2617764585004695E-002
  0.17060824248204018        5.3082820900101364E-002
  0.17218686110529138        5.3551638687571824E-002
  0.17378008650674637        5.4024239566632722E-002
  0.17538805384125933        5.4500645157782635E-002
  0.17701089951425630        5.4980876900481979E-002
  0.17864876119330778        5.5464956161251536E-002
  0.18030177781980636        5.5952904164898072E-002
  0.18197008962075353        5.6444741969474188E-002
  0.18365383812065530        5.6940490560488166E-002
  0.18535316615352776        5.7440170704197678E-002
  0.18706821787501399        5.7943803057359057E-002
  0.18879913877461238        5.8451408100472023E-002
  0.19054607568801951        5.8963006105744842E-002
  0.19230917680958581        5.9478617223125474E-002
  0.19408859170488715        5.9998261344607201E-002
  0.19588447132341255        6.0521958203494250E-002
  0.19769696801136949        6.1049727313034270E-002
  0.19952623552460760        6.1581587933150973E-002
  0.20137242904166200        6.2117559148076026E-002
  0.20323570517691653        6.2657659741506833E-002
  0.20511622199389062        6.3201908283143107E-002
  0.20701413901864732        6.3750323073381590E-002
  0.20892961725332612        6.4302922109758187E-002
  0.21086281918980096        6.4859723154660182E-002
  0.21281390882346454        6.5420743623055000E-002
  0.21478305166714051        6.5986000654700797E-002
  0.21677041476512310        6.6555511065390233E-002
  0.21877616670734909        6.7129291313786171E-002
  0.22080047764369840        6.7707357557491354E-002
  0.22284351929842852        6.8289725555310959E-002
  0.22490546498474184        6.8876410723553022E-002
  0.22698648961948809        6.9467428094275807E-002
  0.22908676973800288        7.0062792283286046E-002
  0.23120648350908249        7.0662517532713104E-002
  0.23334581075009950        7.1266617629911683E-002
  0.23550493294225580        7.1875105946232198E-002
  0.23768403324597828        7.2487995402709587E-002
  0.23988329651645632        7.3105298440101718E-002
  0.24210290931932330        7.3727027046006158E-002
  0.24434305994648314        7.4353192692626052E-002
  0.24660393843208359        7.4983806356373431E-002
  0.24888573656863586        7.5618878491414396E-002
  0.25118864792328627        7.6258419002747546E-002
  0.25351286785423560        7.6902437255798220E-002
  0.25585859352731172        7.7550942035384304E-002
  0.25822602393269550        7.8203941544511962E-002
  0.26061535990180135        7.8861443386165964E-002
  0.26302680412431395        7.9523454540545574E-002
  0.26546056116538186        8.0189981354996442E-002
  0.26791683748297246        8.0861029526596712E-002
  0.27039584144538481        8.1536604078543448E-002
  0.27289778334892623        8.2216709350532019E-002
  0.27542287543575161        8.2901348981395312E-002
  0.27797133191186851        8.3590525877171043E-002
  0.28054336896530813        8.4284242219805822E-002
  0.28313920478446519        8.4982499419579000E-002
  0.28575905957660602        8.5685298114373948E-002
  0.28840315558655039        8.6392638159093232E-002
  0.29107171711552382        8.7104518569624576E-002
  0.29376497054018552        8.7820937560208590E-002
  0.29648314433183220        8.8541892470435341E-002
  0.29922646907577927        8.9267379773656674E-002
  0.30199517749092225        8.9997395074674150E-002
  0.30478950444947706        9.0731933027363362E-002
  0.30760968699690650        9.1470987403269879E-002
  0.31045596437202749        9.2214550991837382E-002
  0.31332857802730668        9.2962615618151986E-002
  0.31622777164934285        9.3715172150514059E-002
  0.31915379117953896        9.4472210389515046E-002
  0.32210688483496586        9.5233719170408196E-002
  0.32508730312941897        9.5999686235406251E-002
  0.32809529889466832        9.6770098260868936E-002
  0.33113112730190847        9.7544940876457986E-002
  0.33419504588340365        9.8324198523511597E-002
  0.33728731455433475        9.9107854593725966E-002
  0.34040819563484825        9.9895891272698614E-002
  0.34355795387230903       0.10068828957656611     
  0.34673685646375951       0.10148502938419734     
  0.34994517307858480       0.10228608926242037     
  0.35318317588139120       0.10309144664411642     
  0.35645113955509278       0.10390107764440305     
  0.35974934132421316       0.10471495710611346     
  0.36307806097840301       0.10553305864201558     
  0.36643758089617473       0.10635535441882048     
  0.36982818606885731       0.10718181538686863     
  0.37325016412477080       0.10801241109771413     
  0.37670380535362857       0.10884710975076251     
  0.38018940273116109       0.10968587818029336     
  0.38370725194397004       0.11052868150944449     
  0.38725765141461144       0.11137548357028247     
  0.39084090232691121       0.11222624712444468     
  0.39445730865151490       0.11308093381079883     
  0.39810717717167415       0.11393950315894058     
  0.40179081750926998       0.11480191089820518     
  0.40550854215108051       0.11566811144500631     
  0.40926066647528792       0.11653806405059994     
  0.41304750877823293       0.11741173133265183     
  0.41686939030141595       0.11828906471363575     
  0.42072663525874832       0.11916998451573857     
  0.42461957086405633       0.12005440738050745     
  0.42854852735883703       0.12094229391474447     
  0.43251383804027588       0.12183363841232205     
  0.43651583928951859       0.12272841818120568     
  0.44055487060020754       0.12362655978607102     
  0.44463127460728075       0.12452797967508690     
  0.44874539711603861       0.12543259955868516     
  0.45289758713147826       0.12634034501373104     
  0.45708819688790098       0.12725115720197533     
  0.46131758187879035       0.12816502744643021     
  0.46558610088697211       0.12908194921005911     
  0.46989411601504810       0.13000182137276126     
  0.47424199271611434       0.13092446755102072     
  0.47863009982476257       0.13184974441637928     
  0.48305880958836905       0.13277761907035776     
  0.48752849769867307       0.13370807589660913     
  0.49203954332364530       0.13464105550654737     
  0.49659232913965590       0.13557646302219697     
  0.50118724136393533       0.13651420302004810     
  0.50582466978733809       0.13745418419089711     
  0.51050500780740904       0.13839631620931953     
  0.51522865246175575       0.13934052800106531     
  0.51999600446173000       0.14028676383167482     
  0.52480746822641844       0.14123493166629963     
  0.52966345191695285       0.14218482519723433     
  0.53456436747113334       0.14313623485368626     
  0.53951063063837312       0.14408928043643435     
  0.54450266101496758       0.14504435193627574     
  0.54954088207968876       0.14600136556024843     
  0.55462572122970943       0.14695868290725653     
  0.55975760981686029       0.14791462731104515     
  0.56493698318421970       0.14887203878992608     
  0.57016428070304759       0.14983751144167171     
  0.57543994581005564       0.15081355895109366     
  0.58076442604502465       0.15178902214059165     
  0.58613817308877003       0.15275086770872695     
  0.59156164280145862       0.15370033174340578     
  0.59703529526127974       0.15465067666288654     
  0.60255959480347188       0.15561138656296003     
  0.60813501005971649       0.15657840362091155     
  0.61376201399789021       0.15754514297790340     
  0.61944108396218711       0.15850940202152181     
  0.62517270171361294       0.15947272180814695     
  0.63095735347085302       0.16043630920084026     
  0.63679552995151889       0.16139987524038629     
  0.64268772641377669       0.16236283378773922     
  0.64863444269835813       0.16332490421795165     
  0.65463618327096607       0.16428606991855382     
  0.66069345726506645       0.16524629026537449     
  0.66680677852507919       0.16620541757329504     
  0.67297666564996794       0.16716328188787533     
  0.67920364203723349       0.16811973320992779     
  0.68548823592731478       0.16907463892427863     
  0.69183098044839730       0.17002786382707905     
  0.69823241366164290       0.17097926364522359     
  0.70469307860683117       0.17192869169189059     
  0.71121352334842725       0.17287600143108039     
  0.71779430102207409       0.17382104642508209     
  0.72443596988151571       0.17476367931244238     
  0.73113909334595439       0.17570375075239597     
  0.73790424004784694       0.17664111061513080     
  0.74473198388113915       0.17757560775380835     
  0.75162290404995424       0.17850709011077456     
  0.75857758511772455       0.17943540504669997     
  0.76559661705678117       0.18036039867163842     
  0.77268059529840216       0.18128191665525195     
  0.77983012078332281       0.18219980381642503     
  0.78704580001271607       0.18311390423548174     
  0.79432824509963795       0.18402406168894375     
  0.80167807382095979       0.18493011901637504     
  0.80909590966977085       0.18583191889903639     
  0.81658238190827082       0.18672930345500174     
  0.82413812562115107       0.18762211434660422     
  0.83176378176946908       0.18851019322853377     
  0.83945999724502274       0.18939338113141424     
  0.84722742492522340       0.19027151922574159     
  0.85506672372848558       0.19114444843896672     
  0.86297855867011974       0.19201200955650222     
  0.87096360091874692       0.19287404367175459     
  0.87902252785323554       0.19373039159059927     
  0.88715602312016284       0.19458089457432173     
  0.89536477669181047       0.19542539398251438     
  0.90364948492469555       0.19626373136664421     
  0.91201085061863996       0.19709574891605086     
  0.92044958307639513       0.19792128888874111     
  0.92896639816380899       0.19874019432566892     
  0.93756201837055464       0.19955230872180119     
  0.94623717287141973       0.20035747611139768     
  0.95499259758816302       0.20115554150429726     
  0.96382903525194474       0.20194635034802841     
  0.97274723546632846       0.20272974920608375     
  0.98174795477087740       0.20350558545867567     
  0.99083195670532809       0.20427370737902575     
   1.0000000118743633       0.20503396455448572     
   1.0092528980129827       0.20578620738454614     
   1.0185914000524798       0.20653028771609347     
   1.0280163101870277       0.20726605857367095     
   1.0375284279408825       0.20799337422626454     
   1.0471285602362050       0.20871209059010612     
   1.0568175214615168       0.20942206476990763     
   1.0665961335407834       0.21012315564074660     
   1.0764652260031389       0.21081522359392052     
   1.0864256360532558       0.21149813059414102     
   1.0964782086423659       0.21217174058897592     
   1.1066237965399399       0.21283591914739619     
   1.1168632604060236       0.21349053392319775     
   1.1271974688642556       0.21413545422883531     
   1.1376272985755491       0.21477055108471932     
   1.1481536343124603       0.21539569802874345     
   1.1587773690342456       0.21601077154339027     
   1.1694994039626112       0.21661565059762147     
   1.1803206486581663       0.21721021356398865     
   1.1912420210975774       0.21779433825969238     
   1.2022644477514479       0.21836790842293072     
   1.2133888636629071       0.21893082414057796     
   1.2246162125269311       0.21948299054653336     
   1.2359474467703990       0.22002429501965462     
   1.2473835276328868       0.22055460702850890     
   1.2589254252482107       0.22107380514205646     
   1.2705741187267259       0.22158179824359467     
   1.2823305962383804       0.22207850457012210     
   1.2941958550965498       0.22256383542990185     
   1.3061709018426353       0.22303769503702925     
   1.3182567523314515       0.22349999102148260     
   1.3304544318174010       0.22395063722562356     
   1.3427649750414492       0.22438955137350433     
   1.3551894263189028       0.22481665343222820     
   1.3677288396279952       0.22523186560111752     
   1.3803842786993037       0.22563511320984977     
   1.3931568171059829       0.22602632472064230     
   1.4060475383548370       0.22640543178817948     
   1.4190575359782351       0.22677236907068077     
   1.4321879136268767       0.22712707422785841     
   1.4454397851634158       0.22746948812338796     
   1.4588142747569512       0.22779955467113469     
   1.4723125169783871       0.22811722100501769     
   1.4859356568966862       0.22842243740490684     
   1.4996848501760029       0.22871515728852315     
   1.5135612631737205       0.22899533732996208     
   1.5275660730393938       0.22926293732792369     
   1.5417004678146085       0.22951792033409171     
   1.5559656465337652       0.22976025259969909     
   1.5703628193257881       0.22998990356078791     
   1.5848932075167921       0.23020684591621901     
   1.5995580437336807       0.23041105552674429     
   1.6143585720087146       0.23060251149579500     
   1.6292960478850425       0.23078119612769357     
   1.6443717385232113       0.23094709490705720     
   1.6595869228086597       0.23110019654161768     
   1.6749428914602094       0.23124049288914783     
   1.6904409471395512       0.23136797899498920     
   1.7060824045617611       0.23148265305887827     
   1.7218685906068223       0.23158451640940073     
   1.7378008444321871       0.23167357351496204     
   1.7538805175863790       0.23174983193462123     
   1.7701089741236462       0.23181330231781760     
   1.7864875907196769       0.23186399837741198     
   1.8030177567883776       0.23190193686010160     
   1.8197008745997481       0.23192713752920988     
   1.8365383593988314       0.23193962313539182     
   1.8535316395257713       0.23193941938432941     
   1.8706821565369804       0.23192655491390671     
   1.8879913653274285       0.23190106126145010     
   1.9054607342540641       0.23186297282236398     
   1.9230917452603702       0.23181232683673728     
   1.9408858940020892       0.23174916333086135     
   1.9588446899740939       0.23167352509677536     
   1.9769696566384412       0.23158545765713021     
   1.9952623315536084       0.23148500920391232     
   2.0137242665049269       0.23137223059714893     
   2.0323570276362197       0.23124717528601127     
   2.0511621955826631       0.23110989928928960     
   2.0701413656048646       0.23096046115859847     
   2.0892961477242018       0.23079892190149617     
   2.1086281668593947       0.23062534498874129     
   2.1281390629643515       0.23043979626049468     
   2.1478304911672854       0.23024234390660955     
   2.1677041219111248       0.23003305842879015     
   2.1877616410952165       0.22981201255235986     
   2.2080047502183358       0.22957928123882787     
   2.2284351665230386       0.22933494158233558     
   2.2490546231413293       0.22907907278894774     
   2.2698648692416832       0.22881175613827626     
   2.2908676701774340       0.22853307488796534     
   2.3120648076365278       0.22824311428868532     
   2.3334580797926661       0.22794196147550064     
   2.3550493014578495       0.22762970544562428     
   2.3768403042363202       0.22730643701991207     
   2.3988329366799519       0.22697224874385558     
   2.4210290644450567       0.22662723490250458     
   2.4434305704506518       0.22627149141089350     
   2.4660393550381885       0.22590511578996922     
   2.4888573361327624       0.22552820712825175     
   2.5118864494058131       0.22514086598277955     
   2.5351286484393203       0.22474319439185117     
   2.5585859048915416       0.22433529576807079     
   2.5822602086642621       0.22391727487236335     
   2.6061535680716017       0.22348923777600638     
   2.6302680100103815       0.22305129176456071     
   2.6546055801320678       0.22260354534671681     
   2.6791683430163067       0.22214610815292335     
   2.7039583823460669       0.22167909090757401     
   2.7289778010843913       0.22120260539152672     
   2.7542287216528067       0.22071676435161727     
   2.7797132861113623       0.22022168150427193     
   2.8054336563403455       0.21971747144209292     
   2.8313920142236748       0.21920424960443438     
   2.8575905618339918       0.21868213224045094     
   2.8840315216194687       0.21815123632634137     
   2.9107171365923286       0.21761167956274199     
   2.9376496705191388       0.21706358029108080     
   2.9648314081128397       0.21650705746285187     
   2.9922646552265584       0.21594223060317852     
   3.0199517390492185       0.21536921973748793     
   3.0478950083029583       0.21478814538202781     
   3.0760968334423766       0.21419912847127032     
   3.1045596068556094       0.21360229032624736     
   3.1332857430672969       0.21299775261856824     
   3.1622776789433975       0.21238563730782206     
   3.1915378738979125       0.21176606662488642     
   3.2210688101015208       0.21113916301112703     
   3.2508729926921429       0.21050504908609674     
   3.2809529499874559       0.20986384761196000     
   3.3113112336993757       0.20921568144272315     
   3.3419504191505065       0.20856067350039090     
   3.3728731054926309       0.20789894672578935     
   3.4040819159271809       0.20723062404564224     
   3.4355794979277752       0.20655582833822253     
   3.4673685234648017       0.20587468239592799     
   3.4994516892320875       0.20518730889184381     
   3.5318317168756632       0.20449383033858079     
   3.5645113532246286       0.20379436906422391     
   3.5974933705241918       0.20308904719695292     
   3.6307805666708264       0.20237798662505810     
   3.6643757654496221       0.20166130885273489     
   3.6982818167738314       0.20093913497059487     
   3.7325015969266282       0.20021158596364177     
   3.7670380088051076       0.19947878303420383     
   3.8018939821665447       0.19874084693482813     
   3.8370724738769120       0.19799789541612481     
   3.8725764681617387       0.19725004397580173     
   3.9084089768592483       0.19649741358763539     
   3.9445730396758596       0.19574013682438060     
   3.9810717244440497       0.19497834616010340     
   4.0179081273825989       0.19421214643835602     
   4.0550853733592520       0.19344162587570740     
   4.0926066161557859       0.19266688697965290     
   4.1304750387355726       0.19188806328854585     
   4.1686938535135782       0.19110528995192277     
   4.2072663026288790       0.19031867093228355     
   4.2461956582196931       0.18952829368519858     
   4.2854852227009621       0.18873426430828769     
   4.3251383290444991       0.18793672478290752     
   4.3651583410617150       0.18713581851747665     
   4.4055486536889950       0.18633165161069648     
   4.4463126932756802       0.18552431148253901     
   4.4874539178747321       0.18471389380180894     
   4.5289758175360832       0.18390051128281343     
   4.5708819146026975       0.18308427731470825     
   4.6131757640093785       0.18226529894635102     
   4.6558609535843418       0.18144367985994672     
   4.6989411043535521       0.18061952366283340     
   4.7424198708479315       0.17979293456894477     
   4.7863009414133542       0.17896401605010159     
   4.8305880385235378       0.17813287019680518     
   4.8752849190958267       0.17729959799742578     
   4.9203953748098908       0.17646429959142776     
   4.9659232324293878       0.17562707429036709     
   5.0118723541265648       0.17478802050927911     
   5.0582466378099280       0.17394723564986100     
   5.1050500174548779       0.17310481615852322     
   5.1522864634374423       0.17226085753022080     
   5.1999599828710865       0.17141545427639324     
   5.2480746199466397       0.17056869996789481     
   5.2966344562753669       0.16972068715862915     
   5.3456436112352250       0.16887150743007207     
   5.3951062423202858       0.16802125137711349     
   5.4450265454934588       0.16717000857165351     
   5.4954087555424138       0.16631786761988449     
   5.5462571464388279       0.16546491608809097     
   5.5975760317009513       0.16461124054971946     
   5.6493697647595278       0.16375692657200250     
   5.7016427393271050       0.16290205867914342     
   5.7543993897707333       0.16204672041524290     
   5.8076441914881753       0.16119099426979999     
   5.8613816612875320       0.16033496172779543     
   5.9156163577704151       0.15947870325856861     
   5.9703528817186582       0.15862229827898489     
   6.0255958764846040       0.15776582522047042     
   6.0813500283850059       0.15690936145455892     
   6.1376200670985783       0.15605298334526452     
   6.1944107660671941       0.15519676624027939     
   6.2517269429008593       0.15434078443424643     
   6.3095734597863693       0.15348511123897940     
   6.3679552238997816       0.15262981890956945     
   6.4268771878226927       0.15177497869830039     
   6.4863443499623727       0.15092066084809713     
   6.5463617549757904       0.15006693455601697     
   6.6069344941975316       0.14921386804582473     
   6.6680677060717404       0.14836152849514070     
   6.7297665765879930       0.14750998209021540     
   6.7920363397212347       0.14665929402153075     
   6.8548822778757854       0.14580952844762526     
   6.9183097223334507       0.14496074856925587     
   6.9823240537057840       0.14411301655801714     
   7.0469307023905046       0.14326639361136631     
   7.1121351490322038       0.14242093995026001     
   7.1779429249872466       0.14157671478343226     
   7.2443596127930068       0.14073377638243711     
   7.3113908466414408       0.13989218201211312     
   7.3790423128570408       0.13905198798532434     
   7.4473197503792115       0.13821324966250267     
   7.5162289512491167       0.13737602141649563     
   7.5857757611009955       0.13654035670784792     
   7.6559660796580973       0.13570630801743400     
   7.7268058612331290       0.13487392690045139     
   7.7983011152333761       0.13404326398772637     
   7.8704579066704845       0.13321436895124847     
   7.9432823566749597       0.13238729057911278     
   8.0167806430154407       0.13156207671059150     
   8.0909590006227301       0.13073877428898500     
   8.1658237221187591       0.12991742936454118     
   8.2413811583503662       0.12909808706078871     
   8.3176377189280473       0.12828079164862541     
   8.3945998727696995       0.12746558648405232     
   8.4722741486493742       0.12665251405954953     
   8.5506671357511284       0.12584161600845778     
   8.6297854842279982       0.12503293307221403     
   8.7096359057660973       0.12422650517313502     
   8.7902251741540365       0.12342237135498969     
   8.8715601258575099       0.12262056983262910     
   8.9536476605992483       0.12182113799767341     
   9.0364947419443347       0.12102411238674855     
   9.1201083978909203       0.12022952875257101     
   9.2044957214664347       0.11943742200749530     
   9.2896638713292568       0.11864782627117859     
   9.3756200723760372       0.11786077487741858     
   9.4623716163545684       0.11707630034347949     
   9.5499258624823522       0.11629443443914370     
   9.6382902380708870       0.11551520813332798     
   9.7274722391557447       0.11473865163961583     
   9.8174794311324565       0.11396479442409288     
   9.9083194493983076       0.11319366517584105     
